Root (1)

Mcsh000000.last.html

dirCor (11) — McshCor000002, 000003, 000004, 000006, 000008, 000009, 000010, 000011, 000012, 000015, 000018, plus McshCorExml

dirEdu (1) — McshEdu000003

dirHlth (17) — McshHlth000002, 000003, 000004, 000005, 000006, 000007, 000008, 000009, 000010, 000011, 000012, 000013, 000014, 000015, 000016, 000018, 000019

dirHmn (2) — McshHmn000002, 000003

dirLag (16) — McshLag000002, 000003, 000004, 000005, 000006, 000008, 000009, 000011, 000012, 000013, 000014, 000018, 000019, 000021, 000022, 000024

dirNtr (14) — McshNtr000002 through 000015 (all present in range except gaps)

dirOgm (10) — McshOgm000002, 000003, 000004, 000005, 000006, 000007, 000008, 000009, 000010, 000011

dirStn (26) — McshStn000002, 000003, 000005, 000006, 000007, 000008, 000009, 000011, 000012, 000013, 000014, 000015, 000016, 000017, 000018, 000019, 000020, 000021, 000022, 000023, 000024, 000026, 000027, 000028, 000029

dirStnlaw (3) — McshStnlaw000002, 000003, 000004

dirTch (2) — McshTch000002, 000003

dirTchInf (25) — McshTchInf000002, 000003, 000004, 000005, 000006, 000007, 000010, 000011, 000012, 000013, 000014, 000015, 000016, 000017, 000018, 000019, 000020, 000021, 000022, 000024, 000025, 000026, 000028, 000030, 000032, 000035

dirTchPrgm (2) — McshTchPrgm000002, 000003